"id","user_id","unix_in_ms","ibi"
185020038,"a502b54f-5ad0-4e5a-8399-d1e257aa1ec1",1643555960422,702
185020037,"a502b54f-5ad0-4e5a-8399-d1e257aa1ec1",1643555959715,707
185020036,"a502b54f-5ad0-4e5a-8399-d1e257aa1ec1",1643555959008,707
185020035,"a502b54f-5ad0-4e5a-8399-d1e257aa1ec1",1643555957914,680
185020034,"a502b54f-5ad0-4e5a-8399-d1e257aa1ec1",1643555957251,663
185020033,"a502b54f-5ad0-4e5a-8399-d1e257aa1ec1",1643555956588,663
185020032,"a502b54f-5ad0-4e5a-8399-d1e257aa1ec1",1643555955920,668
185020031,"a502b54f-5ad0-4e5a-8399-d1e257aa1ec1",1643555955244,676
185020030,"a502b54f-5ad0-4e5a-8399-d1e257aa1ec1",1643555953557,684
185020029,"a502b54f-5ad0-4e5a-8399-d1e257aa1ec1",1643555952865,692
185020028,"a502b54f-5ad0-4e5a-8399-d1e257aa1ec1",1643555952148,717
185020027,"a502b54f-5ad0-4e5a-8399-d1e257aa1ec1",1643555950910,748
185020026,"a502b54f-5ad0-4e5a-8399-d1e257aa1ec1",1643555950173,737
185020025,"a502b54f-5ad0-4e5a-8399-d1e257aa1ec1",1643555949391,782
185020024,"a502b54f-5ad0-4e5a-8399-d1e257aa1ec1",1643555948610,781
185020023,"a502b54f-5ad0-4e5a-8399-d1e257aa1ec1",1643555947864,746
185020022,"a502b54f-5ad0-4e5a-8399-d1e257aa1ec1",1643555946140,724
185020021,"a502b54f-5ad0-4e5a-8399-d1e257aa1ec1",1643555945429,711
185020020,"a502b54f-5ad0-4e5a-8399-d1e257aa1ec1",1643555944729,700
185020019,"a502b54f-5ad0-4e5a-8399-d1e257aa1ec1",1643555943833,572
185020018,"a502b54f-5ad0-4e5a-8399-d1e257aa1ec1",1643555943206,627
185020017,"a502b54f-5ad0-4e5a-8399-d1e257aa1ec1",1643555942554,652
185020016,"a502b54f-5ad0-4e5a-8399-d1e257aa1ec1",1643555941892,662
185020015,"a502b54f-5ad0-4e5a-8399-d1e257aa1ec1",1643555941230,662
185020014,"a502b54f-5ad0-4e5a-8399-d1e257aa1ec1",1643555939563,665
185020013,"a502b54f-5ad0-4e5a-8399-d1e257aa1ec1",1643555938894,669
185020012,"a502b54f-5ad0-4e5a-8399-d1e257aa1ec1",1643555938219,675
185020011,"a502b54f-5ad0-4e5a-8399-d1e257aa1ec1",1643555937540,679
185020010,"a502b54f-5ad0-4e5a-8399-d1e257aa1ec1",1643555936857,683
185020009,"a502b54f-5ad0-4e5a-8399-d1e257aa1ec1",1643555936176,677
185020008,"a502b54f-5ad0-4e5a-8399-d1e257aa1ec1",1643555935504,672
185020007,"a502b54f-5ad0-4e5a-8399-d1e257aa1ec1",1643555934844,660
185020006,"a502b54f-5ad0-4e5a-8399-d1e257aa1ec1",1643555933948,633
185020005,"a502b54f-5ad0-4e5a-8399-d1e257aa1ec1",1643555933293,655
185020004,"a502b54f-5ad0-4e5a-8399-d1e257aa1ec1",1643555932609,684
185020003,"a502b54f-5ad0-4e5a-8399-d1e257aa1ec1",1643555931916,693
185020002,"a502b54f-5ad0-4e5a-8399-d1e257aa1ec1",1643555931212,704
185020001,"a502b54f-5ad0-4e5a-8399-d1e257aa1ec1",1643555929478,728
185020000,"a502b54f-5ad0-4e5a-8399-d1e257aa1ec1",1643555928708,770
185019999,"a502b54f-5ad0-4e5a-8399-d1e257aa1ec1",1643555927913,795
185019998,"a502b54f-5ad0-4e5a-8399-d1e257aa1ec1",1643555927110,803
185019997,"a502b54f-5ad0-4e5a-8399-d1e257aa1ec1",1643555925584,739
185019996,"a502b54f-5ad0-4e5a-8399-d1e257aa1ec1",1643555924874,710
185019995,"a502b54f-5ad0-4e5a-8399-d1e257aa1ec1",1643555924184,690
185019994,"a502b54f-5ad0-4e5a-8399-d1e257aa1ec1",1643555923132,696
185019993,"a502b54f-5ad0-4e5a-8399-d1e257aa1ec1",1643555922416,716
185019992,"a502b54f-5ad0-4e5a-8399-d1e257aa1ec1",1643555921692,724
185019991,"a502b54f-5ad0-4e5a-8399-d1e257aa1ec1",1643555920962,730
185019990,"a502b54f-5ad0-4e5a-8399-d1e257aa1ec1",1643555920219,743
185019989,"a502b54f-5ad0-4e5a-8399-d1e257aa1ec1",1643555918442,773
185019988,"a502b54f-5ad0-4e5a-8399-d1e257aa1ec1",1643555917717,725
185019987,"a502b54f-5ad0-4e5a-8399-d1e257aa1ec1",1643555917030,687
185019986,"a502b54f-5ad0-4e5a-8399-d1e257aa1ec1",1643555916026,659
185019985,"a502b54f-5ad0-4e5a-8399-d1e257aa1ec1",1643555915359,667
185019984,"a502b54f-5ad0-4e5a-8399-d1e257aa1ec1",1643555914664,695
185019983,"a502b54f-5ad0-4e5a-8399-d1e257aa1ec1",1643555913958,706
185019982,"a502b54f-5ad0-4e5a-8399-d1e257aa1ec1",1643555913244,714
185019981,"a502b54f-5ad0-4e5a-8399-d1e257aa1ec1",1643555911521,718
185019980,"a502b54f-5ad0-4e5a-8399-d1e257aa1ec1",1643555910803,718
185019979,"a502b54f-5ad0-4e5a-8399-d1e257aa1ec1",1643555910088,715
185019978,"a502b54f-5ad0-4e5a-8399-d1e257aa1ec1",1643555908991,694
185019977,"a502b54f-5ad0-4e5a-8399-d1e257aa1ec1",1643555908280,711
185019976,"a502b54f-5ad0-4e5a-8399-d1e257aa1ec1",1643555907550,730
185019975,"a502b54f-5ad0-4e5a-8399-d1e257aa1ec1",1643555906810,740
185019974,"a502b54f-5ad0-4e5a-8399-d1e257aa1ec1",1643555906064,746
185019973,"a502b54f-5ad0-4e5a-8399-d1e257aa1ec1",1643555904307,753
185019972,"a502b54f-5ad0-4e5a-8399-d1e257aa1ec1",1643555903554,753
185019971,"a502b54f-5ad0-4e5a-8399-d1e257aa1ec1",1643555902836,718
185019970,"a502b54f-5ad0-4e5a-8399-d1e257aa1ec1",1643555902126,710
185019969,"a502b54f-5ad0-4e5a-8399-d1e257aa1ec1",1643555901420,706
185019968,"a502b54f-5ad0-4e5a-8399-d1e257aa1ec1",1643555900710,707
185019967,"a502b54f-5ad0-4e5a-8399-d1e257aa1ec1",1643555899998,712
185019966,"a502b54f-5ad0-4e5a-8399-d1e257aa1ec1",1643555899274,724
185019965,"a502b54f-5ad0-4e5a-8399-d1e257aa1ec1",1643555898042,741
185019964,"a502b54f-5ad0-4e5a-8399-d1e257aa1ec1",1643555897314,728
185019963,"a502b54f-5ad0-4e5a-8399-d1e257aa1ec1",1643555896602,712
185019962,"a502b54f-5ad0-4e5a-8399-d1e257aa1ec1",1643555895922,680
185019961,"a502b54f-5ad0-4e5a-8399-d1e257aa1ec1",1643555895267,655
185019960,"a502b54f-5ad0-4e5a-8399-d1e257aa1ec1",1643555892536,671
185019959,"a502b54f-5ad0-4e5a-8399-d1e257aa1ec1",1643555891862,674
185019958,"a502b54f-5ad0-4e5a-8399-d1e257aa1ec1",1643555891181,679
185019957,"a502b54f-5ad0-4e5a-8399-d1e257aa1ec1",1643555890504,677
185019956,"a502b54f-5ad0-4e5a-8399-d1e257aa1ec1",1643555889830,674
185019955,"a502b54f-5ad0-4e5a-8399-d1e257aa1ec1",1643555888816,680
185019954,"a502b54f-5ad0-4e5a-8399-d1e257aa1ec1",1643555888131,685
185019953,"a502b54f-5ad0-4e5a-8399-d1e257aa1ec1",1643555887448,683
185019952,"a502b54f-5ad0-4e5a-8399-d1e257aa1ec1",1643555886762,686
185019951,"a502b54f-5ad0-4e5a-8399-d1e257aa1ec1",1643555886071,691
185019950,"a502b54f-5ad0-4e5a-8399-d1e257aa1ec1",1643555884369,698
185019949,"a502b54f-5ad0-4e5a-8399-d1e257aa1ec1",1643555883668,701
185019948,"a502b54f-5ad0-4e5a-8399-d1e257aa1ec1",1643555882964,704
185019947,"a502b54f-5ad0-4e5a-8399-d1e257aa1ec1",1643555881849,704
185019946,"a502b54f-5ad0-4e5a-8399-d1e257aa1ec1",1643555881148,701
185019945,"a502b54f-5ad0-4e5a-8399-d1e257aa1ec1",1643555880452,696
185019944,"a502b54f-5ad0-4e5a-8399-d1e257aa1ec1",1643555879762,690
185019943,"a502b54f-5ad0-4e5a-8399-d1e257aa1ec1",1643555879075,687
185019942,"a502b54f-5ad0-4e5a-8399-d1e257aa1ec1",1643555877392,681
185019941,"a502b54f-5ad0-4e5a-8399-d1e257aa1ec1",1643555876709,683
185019940,"a502b54f-5ad0-4e5a-8399-d1e257aa1ec1",1643555876028,681
185019939,"a502b54f-5ad0-4e5a-8399-d1e257aa1ec1",1643555875326,702
185019938,"a502b54f-5ad0-4e5a-8399-d1e257aa1ec1",1643555874564,762
185019937,"a502b54f-5ad0-4e5a-8399-d1e257aa1ec1",1643555873735,825
185019936,"a502b54f-5ad0-4e5a-8399-d1e257aa1ec1",1643555872938,797
185019935,"a502b54f-5ad0-4e5a-8399-d1e257aa1ec1",1643555872148,790
185019934,"a502b54f-5ad0-4e5a-8399-d1e257aa1ec1",1643555870607,884
185019933,"a502b54f-5ad0-4e5a-8399-d1e257aa1ec1",1643555869738,869
185019932,"a502b54f-5ad0-4e5a-8399-d1e257aa1ec1",1643555868881,857
185019931,"a502b54f-5ad0-4e5a-8399-d1e257aa1ec1",1643555867934,947
185019930,"a502b54f-5ad0-4e5a-8399-d1e257aa1ec1",1643555867129,805
185019929,"a502b54f-5ad0-4e5a-8399-d1e257aa1ec1",1643555866170,957
185019928,"a502b54f-5ad0-4e5a-8399-d1e257aa1ec1",1643555865326,844
185019927,"a502b54f-5ad0-4e5a-8399-d1e257aa1ec1",1643555864480,846
185019926,"a502b54f-5ad0-4e5a-8399-d1e257aa1ec1",1643555863666,814
185019925,"a502b54f-5ad0-4e5a-8399-d1e257aa1ec1",1643555862894,772
185019924,"a502b54f-5ad0-4e5a-8399-d1e257aa1ec1",1643555862145,746
185019923,"a502b54f-5ad0-4e5a-8399-d1e257aa1ec1",1643555861458,687
185019922,"a502b54f-5ad0-4e5a-8399-d1e257aa1ec1",1643555860744,714
185019921,"a502b54f-5ad0-4e5a-8399-d1e257aa1ec1",1643555859994,750
185019920,"a502b54f-5ad0-4e5a-8399-d1e257aa1ec1",1643555859233,761
185019919,"a502b54f-5ad0-4e5a-8399-d1e257aa1ec1",1643555857471,758
185019918,"a502b54f-5ad0-4e5a-8399-d1e257aa1ec1",1643555856705,766
185019917,"a502b54f-5ad0-4e5a-8399-d1e257aa1ec1",1643555855963,742
185019916,"a502b54f-5ad0-4e5a-8399-d1e257aa1ec1",1643555855282,681
185019915,"a502b54f-5ad0-4e5a-8399-d1e257aa1ec1",1643555854581,701
185019914,"a502b54f-5ad0-4e5a-8399-d1e257aa1ec1",1643555853803,776
185019913,"a502b54f-5ad0-4e5a-8399-d1e257aa1ec1",1643555853010,793
185019912,"a502b54f-5ad0-4e5a-8399-d1e257aa1ec1",1643555852226,784
185019911,"a502b54f-5ad0-4e5a-8399-d1e257aa1ec1",1643555851458,768
185019910,"a502b54f-5ad0-4e5a-8399-d1e257aa1ec1",1643555850710,748
185019909,"a502b54f-5ad0-4e5a-8399-d1e257aa1ec1",1643555848716,774
185019908,"a502b54f-5ad0-4e5a-8399-d1e257aa1ec1",1643555847542,1004
185019907,"a502b54f-5ad0-4e5a-8399-d1e257aa1ec1",1643555846686,856
185019906,"a502b54f-5ad0-4e5a-8399-d1e257aa1ec1",1643555845744,942
185019905,"a502b54f-5ad0-4e5a-8399-d1e257aa1ec1",1643555844853,891
185019904,"a502b54f-5ad0-4e5a-8399-d1e257aa1ec1",1643555842033,810
185019903,"a502b54f-5ad0-4e5a-8399-d1e257aa1ec1",1643555841364,669
185019902,"a502b54f-5ad0-4e5a-8399-d1e257aa1ec1",1643555840649,715
185019901,"a502b54f-5ad0-4e5a-8399-d1e257aa1ec1",1643555839849,797
185019900,"a502b54f-5ad0-4e5a-8399-d1e257aa1ec1",1643555838955,894
185019899,"a502b54f-5ad0-4e5a-8399-d1e257aa1ec1",1643555838087,868
185019898,"a502b54f-5ad0-4e5a-8399-d1e257aa1ec1",1643555837216,871
185019897,"a502b54f-5ad0-4e5a-8399-d1e257aa1ec1",1643555836390,826
185019896,"a502b54f-5ad0-4e5a-8399-d1e257aa1ec1",1643555835587,799
185019895,"a502b54f-5ad0-4e5a-8399-d1e257aa1ec1",1643555834794,793
185019894,"a502b54f-5ad0-4e5a-8399-d1e257aa1ec1",1643555834020,774
185019893,"a502b54f-5ad0-4e5a-8399-d1e257aa1ec1",1643555833212,808
185019892,"a502b54f-5ad0-4e5a-8399-d1e257aa1ec1",1643555832374,819
185019891,"a502b54f-5ad0-4e5a-8399-d1e257aa1ec1",1643555831555,819
185019890,"a502b54f-5ad0-4e5a-8399-d1e257aa1ec1",1643555830651,904
185019889,"a502b54f-5ad0-4e5a-8399-d1e257aa1ec1",1643555829844,807
185019888,"a502b54f-5ad0-4e5a-8399-d1e257aa1ec1",1643555829062,782
185019887,"a502b54f-5ad0-4e5a-8399-d1e257aa1ec1",1643555828269,792
185019886,"a502b54f-5ad0-4e5a-8399-d1e257aa1ec1",1643555827441,828
185019885,"a502b54f-5ad0-4e5a-8399-d1e257aa1ec1",1643555826568,873
185019884,"a502b54f-5ad0-4e5a-8399-d1e257aa1ec1",1643555825752,816
185019883,"a502b54f-5ad0-4e5a-8399-d1e257aa1ec1",1643555824950,802
185019882,"a502b54f-5ad0-4e5a-8399-d1e257aa1ec1",1643555822007,818
185019881,"a502b54f-5ad0-4e5a-8399-d1e257aa1ec1",1643555821172,835
185019880,"a502b54f-5ad0-4e5a-8399-d1e257aa1ec1",1643555820356,816
185019879,"a502b54f-5ad0-4e5a-8399-d1e257aa1ec1",1643555819565,791
185019878,"a502b54f-5ad0-4e5a-8399-d1e257aa1ec1",1643555818753,808
185019877,"a502b54f-5ad0-4e5a-8399-d1e257aa1ec1",1643555817961,792
185019876,"a502b54f-5ad0-4e5a-8399-d1e257aa1ec1",1643555817230,731
185019875,"a502b54f-5ad0-4e5a-8399-d1e257aa1ec1",1643555816059,787
185019874,"a502b54f-5ad0-4e5a-8399-d1e257aa1ec1",1643555815260,799
185019873,"a502b54f-5ad0-4e5a-8399-d1e257aa1ec1",1643555814454,806
185019872,"a502b54f-5ad0-4e5a-8399-d1e257aa1ec1",1643555813654,800
185019871,"a502b54f-5ad0-4e5a-8399-d1e257aa1ec1",1643555812870,784
185019870,"a502b54f-5ad0-4e5a-8399-d1e257aa1ec1",1643555812098,767
185019869,"a502b54f-5ad0-4e5a-8399-d1e257aa1ec1",1643555811393,705
185019868,"a502b54f-5ad0-4e5a-8399-d1e257aa1ec1",1643555810634,759
185019867,"a502b54f-5ad0-4e5a-8399-d1e257aa1ec1",1643555809762,872
185019866,"a502b54f-5ad0-4e5a-8399-d1e257aa1ec1",1643555808877,885
185019865,"a502b54f-5ad0-4e5a-8399-d1e257aa1ec1",1643555806824,1048
185019864,"a502b54f-5ad0-4e5a-8399-d1e257aa1ec1",1643555805940,884
185019863,"a502b54f-5ad0-4e5a-8399-d1e257aa1ec1",1643555805091,849
185019862,"a502b54f-5ad0-4e5a-8399-d1e257aa1ec1",1643555803497,846
185019861,"a502b54f-5ad0-4e5a-8399-d1e257aa1ec1",1643555802681,816
185019860,"a502b54f-5ad0-4e5a-8399-d1e257aa1ec1",1643555801851,830
185019859,"a502b54f-5ad0-4e5a-8399-d1e257aa1ec1",1643555800930,921
185019858,"a502b54f-5ad0-4e5a-8399-d1e257aa1ec1",1643555800078,852
185019857,"a502b54f-5ad0-4e5a-8399-d1e257aa1ec1",1643555798127,953
185019856,"a502b54f-5ad0-4e5a-8399-d1e257aa1ec1",1643555797166,961
185019855,"a502b54f-5ad0-4e5a-8399-d1e257aa1ec1",1643555796234,932
185019854,"a502b54f-5ad0-4e5a-8399-d1e257aa1ec1",1643555794490,875
185019853,"a502b54f-5ad0-4e5a-8399-d1e257aa1ec1",1643555793632,858
185019852,"a502b54f-5ad0-4e5a-8399-d1e257aa1ec1",1643555792774,858
185019851,"a502b54f-5ad0-4e5a-8399-d1e257aa1ec1",1643555791916,858
185019850,"a502b54f-5ad0-4e5a-8399-d1e257aa1ec1",1643555791066,850
185019849,"a502b54f-5ad0-4e5a-8399-d1e257aa1ec1",1643555790218,843
185019848,"a502b54f-5ad0-4e5a-8399-d1e257aa1ec1",1643555789354,864
