"id","user_id","unix_in_ms","ibi"
185019278,"a502b54f-5ad0-4e5a-8399-d1e257aa1ec1",1643554920464,868
185019277,"a502b54f-5ad0-4e5a-8399-d1e257aa1ec1",1643554919600,864
185019276,"a502b54f-5ad0-4e5a-8399-d1e257aa1ec1",1643554918735,865
185019275,"a502b54f-5ad0-4e5a-8399-d1e257aa1ec1",1643554916872,859
185019274,"a502b54f-5ad0-4e5a-8399-d1e257aa1ec1",1643554916026,846
185019273,"a502b54f-5ad0-4e5a-8399-d1e257aa1ec1",1643554915188,838
185019272,"a502b54f-5ad0-4e5a-8399-d1e257aa1ec1",1643554914362,826
185019271,"a502b54f-5ad0-4e5a-8399-d1e257aa1ec1",1643554913558,804
185019270,"a502b54f-5ad0-4e5a-8399-d1e257aa1ec1",1643554912760,796
185019269,"a502b54f-5ad0-4e5a-8399-d1e257aa1ec1",1643554911953,807
185019268,"a502b54f-5ad0-4e5a-8399-d1e257aa1ec1",1643554911122,831
185019267,"a502b54f-5ad0-4e5a-8399-d1e257aa1ec1",1643554909532,890
185019266,"a502b54f-5ad0-4e5a-8399-d1e257aa1ec1",1643554908640,892
185019265,"a502b54f-5ad0-4e5a-8399-d1e257aa1ec1",1643554907745,895
185019264,"a502b54f-5ad0-4e5a-8399-d1e257aa1ec1",1643554906850,895
185019263,"a502b54f-5ad0-4e5a-8399-d1e257aa1ec1",1643554905944,906
185019262,"a502b54f-5ad0-4e5a-8399-d1e257aa1ec1",1643554904021,920
185019261,"a502b54f-5ad0-4e5a-8399-d1e257aa1ec1",1643554903071,950
185019260,"a502b54f-5ad0-4e5a-8399-d1e257aa1ec1",1643554902095,976
185019259,"a502b54f-5ad0-4e5a-8399-d1e257aa1ec1",1643554901122,973
185019258,"a502b54f-5ad0-4e5a-8399-d1e257aa1ec1",1643554900147,975
185019257,"a502b54f-5ad0-4e5a-8399-d1e257aa1ec1",1643554899174,970
185019256,"a502b54f-5ad0-4e5a-8399-d1e257aa1ec1",1643554898216,958
185019255,"a502b54f-5ad0-4e5a-8399-d1e257aa1ec1",1643554897261,955
185019254,"a502b54f-5ad0-4e5a-8399-d1e257aa1ec1",1643554896284,977
185019253,"a502b54f-5ad0-4e5a-8399-d1e257aa1ec1",1643554895274,1010
185019252,"a502b54f-5ad0-4e5a-8399-d1e257aa1ec1",1643554894232,1040
185019251,"a502b54f-5ad0-4e5a-8399-d1e257aa1ec1",1643554893180,1052
185019250,"a502b54f-5ad0-4e5a-8399-d1e257aa1ec1",1643554892203,977
185019249,"a502b54f-5ad0-4e5a-8399-d1e257aa1ec1",1643554890446,903
185019248,"a502b54f-5ad0-4e5a-8399-d1e257aa1ec1",1643554889558,888
185019247,"a502b54f-5ad0-4e5a-8399-d1e257aa1ec1",1643554888707,851
185019246,"a502b54f-5ad0-4e5a-8399-d1e257aa1ec1",1643554887858,849
185019245,"a502b54f-5ad0-4e5a-8399-d1e257aa1ec1",1643554886995,863
185019244,"a502b54f-5ad0-4e5a-8399-d1e257aa1ec1",1643554886111,883
185019243,"a502b54f-5ad0-4e5a-8399-d1e257aa1ec1",1643554885208,903
185019242,"a502b54f-5ad0-4e5a-8399-d1e257aa1ec1",1643554884306,902
185019241,"a502b54f-5ad0-4e5a-8399-d1e257aa1ec1",1643554883542,764
185019240,"a502b54f-5ad0-4e5a-8399-d1e257aa1ec1",1643554882547,995
185019239,"a502b54f-5ad0-4e5a-8399-d1e257aa1ec1",1643554880624,921
185019238,"a502b54f-5ad0-4e5a-8399-d1e257aa1ec1",1643554879750,874
185019237,"a502b54f-5ad0-4e5a-8399-d1e257aa1ec1",1643554878920,830
185019236,"a502b54f-5ad0-4e5a-8399-d1e257aa1ec1",1643554877421,882
185019235,"a502b54f-5ad0-4e5a-8399-d1e257aa1ec1",1643554876545,876
185019234,"a502b54f-5ad0-4e5a-8399-d1e257aa1ec1",1643554875696,849
185019233,"a502b54f-5ad0-4e5a-8399-d1e257aa1ec1",1643554874856,840
185019232,"a502b54f-5ad0-4e5a-8399-d1e257aa1ec1",1643554873995,861
185019231,"a502b54f-5ad0-4e5a-8399-d1e257aa1ec1",1643554872125,870
185019230,"a502b54f-5ad0-4e5a-8399-d1e257aa1ec1",1643554871233,892
185019229,"a502b54f-5ad0-4e5a-8399-d1e257aa1ec1",1643554870300,933
185019228,"a502b54f-5ad0-4e5a-8399-d1e257aa1ec1",1643554868504,924
185019227,"a502b54f-5ad0-4e5a-8399-d1e257aa1ec1",1643554867589,915
185019226,"a502b54f-5ad0-4e5a-8399-d1e257aa1ec1",1643554866683,906
185019225,"a502b54f-5ad0-4e5a-8399-d1e257aa1ec1",1643554865792,891
185019224,"a502b54f-5ad0-4e5a-8399-d1e257aa1ec1",1643554864920,872
185019223,"a502b54f-5ad0-4e5a-8399-d1e257aa1ec1",1643554863040,878
185019222,"a502b54f-5ad0-4e5a-8399-d1e257aa1ec1",1643554862144,896
185019221,"a502b54f-5ad0-4e5a-8399-d1e257aa1ec1",1643554861233,911
185019220,"a502b54f-5ad0-4e5a-8399-d1e257aa1ec1",1643554860280,953
185019219,"a502b54f-5ad0-4e5a-8399-d1e257aa1ec1",1643554859289,991
185019218,"a502b54f-5ad0-4e5a-8399-d1e257aa1ec1",1643554858276,1010
185019217,"a502b54f-5ad0-4e5a-8399-d1e257aa1ec1",1643554857263,1013
185019216,"a502b54f-5ad0-4e5a-8399-d1e257aa1ec1",1643554856242,1021
185019215,"a502b54f-5ad0-4e5a-8399-d1e257aa1ec1",1643554855226,1016
185019214,"a502b54f-5ad0-4e5a-8399-d1e257aa1ec1",1643554854237,989
185019213,"a502b54f-5ad0-4e5a-8399-d1e257aa1ec1",1643554853255,979
185019212,"a502b54f-5ad0-4e5a-8399-d1e257aa1ec1",1643554852235,1020
185019211,"a502b54f-5ad0-4e5a-8399-d1e257aa1ec1",1643554851183,1052
185019210,"a502b54f-5ad0-4e5a-8399-d1e257aa1ec1",1643554849158,1048
185019209,"a502b54f-5ad0-4e5a-8399-d1e257aa1ec1",1643554848022,1136
185019208,"a502b54f-5ad0-4e5a-8399-d1e257aa1ec1",1643554846845,1177
185019207,"a502b54f-5ad0-4e5a-8399-d1e257aa1ec1",1643554845760,1085
185019206,"a502b54f-5ad0-4e5a-8399-d1e257aa1ec1",1643554844745,1015
185019205,"a502b54f-5ad0-4e5a-8399-d1e257aa1ec1",1643554841336,942
185019204,"a502b54f-5ad0-4e5a-8399-d1e257aa1ec1",1643554840402,934
185019203,"a502b54f-5ad0-4e5a-8399-d1e257aa1ec1",1643554839499,903
185019202,"a502b54f-5ad0-4e5a-8399-d1e257aa1ec1",1643554838610,889
185019201,"a502b54f-5ad0-4e5a-8399-d1e257aa1ec1",1643554837673,937
185019200,"a502b54f-5ad0-4e5a-8399-d1e257aa1ec1",1643554834678,931
185019199,"a502b54f-5ad0-4e5a-8399-d1e257aa1ec1",1643554833839,839
185019198,"a502b54f-5ad0-4e5a-8399-d1e257aa1ec1",1643554833090,749
185019197,"a502b54f-5ad0-4e5a-8399-d1e257aa1ec1",1643554832250,840
185019196,"a502b54f-5ad0-4e5a-8399-d1e257aa1ec1",1643554831395,855
185019195,"a502b54f-5ad0-4e5a-8399-d1e257aa1ec1",1643554830569,821
185019194,"a502b54f-5ad0-4e5a-8399-d1e257aa1ec1",1643554829804,765
185019193,"a502b54f-5ad0-4e5a-8399-d1e257aa1ec1",1643554828993,811
185019192,"a502b54f-5ad0-4e5a-8399-d1e257aa1ec1",1643554828108,885
185019191,"a502b54f-5ad0-4e5a-8399-d1e257aa1ec1",1643554827154,954
185019190,"a502b54f-5ad0-4e5a-8399-d1e257aa1ec1",1643554826117,1033
185019189,"a502b54f-5ad0-4e5a-8399-d1e257aa1ec1",1643554825071,1046
185019188,"a502b54f-5ad0-4e5a-8399-d1e257aa1ec1",1643554824111,960
185019187,"a502b54f-5ad0-4e5a-8399-d1e257aa1ec1",1643554822386,884
185019186,"a502b54f-5ad0-4e5a-8399-d1e257aa1ec1",1643554821496,890
185019185,"a502b54f-5ad0-4e5a-8399-d1e257aa1ec1",1643554820602,894
185019184,"a502b54f-5ad0-4e5a-8399-d1e257aa1ec1",1643554819716,886
185019183,"a502b54f-5ad0-4e5a-8399-d1e257aa1ec1",1643554818847,869
185019182,"a502b54f-5ad0-4e5a-8399-d1e257aa1ec1",1643554818010,834
185019181,"a502b54f-5ad0-4e5a-8399-d1e257aa1ec1",1643554817206,804
185019180,"a502b54f-5ad0-4e5a-8399-d1e257aa1ec1",1643554816429,777
185019179,"a502b54f-5ad0-4e5a-8399-d1e257aa1ec1",1643554815628,801
185019178,"a502b54f-5ad0-4e5a-8399-d1e257aa1ec1",1643554814792,836
185019177,"a502b54f-5ad0-4e5a-8399-d1e257aa1ec1",1643554812931,860
185019176,"a502b54f-5ad0-4e5a-8399-d1e257aa1ec1",1643554812045,886
185019175,"a502b54f-5ad0-4e5a-8399-d1e257aa1ec1",1643554811141,904
185019174,"a502b54f-5ad0-4e5a-8399-d1e257aa1ec1",1643554810228,913
185019173,"a502b54f-5ad0-4e5a-8399-d1e257aa1ec1",1643554809327,901
185019172,"a502b54f-5ad0-4e5a-8399-d1e257aa1ec1",1643554808476,846
185019171,"a502b54f-5ad0-4e5a-8399-d1e257aa1ec1",1643554807654,822
185019170,"a502b54f-5ad0-4e5a-8399-d1e257aa1ec1",1643554806841,813
185019169,"a502b54f-5ad0-4e5a-8399-d1e257aa1ec1",1643554806032,809
185019168,"a502b54f-5ad0-4e5a-8399-d1e257aa1ec1",1643554805231,801
185019167,"a502b54f-5ad0-4e5a-8399-d1e257aa1ec1",1643554804458,770
185019166,"a502b54f-5ad0-4e5a-8399-d1e257aa1ec1",1643554803693,765
185019165,"a502b54f-5ad0-4e5a-8399-d1e257aa1ec1",1643554802880,813
185019164,"a502b54f-5ad0-4e5a-8399-d1e257aa1ec1",1643554802106,774
185019163,"a502b54f-5ad0-4e5a-8399-d1e257aa1ec1",1643554801387,719
185019162,"a502b54f-5ad0-4e5a-8399-d1e257aa1ec1",1643554800680,705
185019161,"a502b54f-5ad0-4e5a-8399-d1e257aa1ec1",1643554799948,732
185019160,"a502b54f-5ad0-4e5a-8399-d1e257aa1ec1",1643554799209,739
185019159,"a502b54f-5ad0-4e5a-8399-d1e257aa1ec1",1643554798464,745
185019158,"a502b54f-5ad0-4e5a-8399-d1e257aa1ec1",1643554797002,778
185019157,"a502b54f-5ad0-4e5a-8399-d1e257aa1ec1",1643554796273,729
185019156,"a502b54f-5ad0-4e5a-8399-d1e257aa1ec1",1643554795559,714
185019155,"a502b54f-5ad0-4e5a-8399-d1e257aa1ec1",1643554794830,729
185019154,"a502b54f-5ad0-4e5a-8399-d1e257aa1ec1",1643554794113,717
185019153,"a502b54f-5ad0-4e5a-8399-d1e257aa1ec1",1643554792459,650
185019152,"a502b54f-5ad0-4e5a-8399-d1e257aa1ec1",1643554791777,682
185019151,"a502b54f-5ad0-4e5a-8399-d1e257aa1ec1",1643554791102,675
185019150,"a502b54f-5ad0-4e5a-8399-d1e257aa1ec1",1643554790073,684
185019149,"a502b54f-5ad0-4e5a-8399-d1e257aa1ec1",1643554789353,720
185019148,"a502b54f-5ad0-4e5a-8399-d1e257aa1ec1",1643554788572,781
185019147,"a502b54f-5ad0-4e5a-8399-d1e257aa1ec1",1643554787752,820
185019146,"a502b54f-5ad0-4e5a-8399-d1e257aa1ec1",1643554786934,818
185019145,"a502b54f-5ad0-4e5a-8399-d1e257aa1ec1",1643554786117,813
185019144,"a502b54f-5ad0-4e5a-8399-d1e257aa1ec1",1643554785298,819
185019143,"a502b54f-5ad0-4e5a-8399-d1e257aa1ec1",1643554784468,830
185019142,"a502b54f-5ad0-4e5a-8399-d1e257aa1ec1",1643554783628,840
185019141,"a502b54f-5ad0-4e5a-8399-d1e257aa1ec1",1643554782790,838
185019140,"a502b54f-5ad0-4e5a-8399-d1e257aa1ec1",1643554781959,827
185019139,"a502b54f-5ad0-4e5a-8399-d1e257aa1ec1",1643554781147,812
185019138,"a502b54f-5ad0-4e5a-8399-d1e257aa1ec1",1643554780360,787
185019137,"a502b54f-5ad0-4e5a-8399-d1e257aa1ec1",1643554779596,764
185019136,"a502b54f-5ad0-4e5a-8399-d1e257aa1ec1",1643554778790,806
185019135,"a502b54f-5ad0-4e5a-8399-d1e257aa1ec1",1643554776924,865
185019134,"a502b54f-5ad0-4e5a-8399-d1e257aa1ec1",1643554776040,884
185019133,"a502b54f-5ad0-4e5a-8399-d1e257aa1ec1",1643554775139,901
185019132,"a502b54f-5ad0-4e5a-8399-d1e257aa1ec1",1643554773537,828
185019131,"a502b54f-5ad0-4e5a-8399-d1e257aa1ec1",1643554772707,830
185019130,"a502b54f-5ad0-4e5a-8399-d1e257aa1ec1",1643554771851,856
185019129,"a502b54f-5ad0-4e5a-8399-d1e257aa1ec1",1643554770974,877
185019128,"a502b54f-5ad0-4e5a-8399-d1e257aa1ec1",1643554770083,891
185019127,"a502b54f-5ad0-4e5a-8399-d1e257aa1ec1",1643554769191,888
185019126,"a502b54f-5ad0-4e5a-8399-d1e257aa1ec1",1643554768308,883
185019125,"a502b54f-5ad0-4e5a-8399-d1e257aa1ec1",1643554767424,884
185019124,"a502b54f-5ad0-4e5a-8399-d1e257aa1ec1",1643554766528,896
185019123,"a502b54f-5ad0-4e5a-8399-d1e257aa1ec1",1643554765615,913
185019122,"a502b54f-5ad0-4e5a-8399-d1e257aa1ec1",1643554763694,917
185019121,"a502b54f-5ad0-4e5a-8399-d1e257aa1ec1",1643554762803,891
185019120,"a502b54f-5ad0-4e5a-8399-d1e257aa1ec1",1643554761985,818
185019119,"a502b54f-5ad0-4e5a-8399-d1e257aa1ec1",1643554760414,897
185019118,"a502b54f-5ad0-4e5a-8399-d1e257aa1ec1",1643554759456,958
185019117,"a502b54f-5ad0-4e5a-8399-d1e257aa1ec1",1643554758534,922
185019116,"a502b54f-5ad0-4e5a-8399-d1e257aa1ec1",1643554757462,1072
185019115,"a502b54f-5ad0-4e5a-8399-d1e257aa1ec1",1643554756479,983
185019114,"a502b54f-5ad0-4e5a-8399-d1e257aa1ec1",1643554755495,981
185019113,"a502b54f-5ad0-4e5a-8399-d1e257aa1ec1",1643554754533,962
185019112,"a502b54f-5ad0-4e5a-8399-d1e257aa1ec1",1643554753617,916
185019111,"a502b54f-5ad0-4e5a-8399-d1e257aa1ec1",1643554752720,897
185019110,"a502b54f-5ad0-4e5a-8399-d1e257aa1ec1",1643554751827,893
185019109,"a502b54f-5ad0-4e5a-8399-d1e257aa1ec1",1643554749936,890
185019108,"a502b54f-5ad0-4e5a-8399-d1e257aa1ec1",1643554749061,875
185019107,"a502b54f-5ad0-4e5a-8399-d1e257aa1ec1",1643554748285,776
185019106,"a502b54f-5ad0-4e5a-8399-d1e257aa1ec1",1643554746932,822
185019105,"a502b54f-5ad0-4e5a-8399-d1e257aa1ec1",1643554746137,795
185019104,"a502b54f-5ad0-4e5a-8399-d1e257aa1ec1",1643554745361,776
185019103,"a502b54f-5ad0-4e5a-8399-d1e257aa1ec1",1643554744656,705
185019102,"a502b54f-5ad0-4e5a-8399-d1e257aa1ec1",1643554743945,711
185019101,"a502b54f-5ad0-4e5a-8399-d1e257aa1ec1",1643554743188,755
185019100,"a502b54f-5ad0-4e5a-8399-d1e257aa1ec1",1643554742375,813
185019099,"a502b54f-5ad0-4e5a-8399-d1e257aa1ec1",1643554741527,848
185019098,"a502b54f-5ad0-4e5a-8399-d1e257aa1ec1",1643554740662,865
