"id","user_id","unix_in_ms","ibi"
185041044,"a502b54f-5ad0-4e5a-8399-d1e257aa1ec1",1643562028459,870
185041043,"a502b54f-5ad0-4e5a-8399-d1e257aa1ec1",1643562027664,795
185041042,"a502b54f-5ad0-4e5a-8399-d1e257aa1ec1",1643562026872,792
185041041,"a502b54f-5ad0-4e5a-8399-d1e257aa1ec1",1643562025241,896
185041040,"a502b54f-5ad0-4e5a-8399-d1e257aa1ec1",1643562024335,906
185041039,"a502b54f-5ad0-4e5a-8399-d1e257aa1ec1",1643562023416,919
185041038,"a502b54f-5ad0-4e5a-8399-d1e257aa1ec1",1643562021361,1026
185041037,"a502b54f-5ad0-4e5a-8399-d1e257aa1ec1",1643562020567,794
185041036,"a502b54f-5ad0-4e5a-8399-d1e257aa1ec1",1643562019762,805
185041035,"a502b54f-5ad0-4e5a-8399-d1e257aa1ec1",1643562018884,878
185041034,"a502b54f-5ad0-4e5a-8399-d1e257aa1ec1",1643562017954,930
185041033,"a502b54f-5ad0-4e5a-8399-d1e257aa1ec1",1643562015536,911
185041032,"a502b54f-5ad0-4e5a-8399-d1e257aa1ec1",1643562014488,1048
185041031,"a502b54f-5ad0-4e5a-8399-d1e257aa1ec1",1643562013486,999
185041030,"a502b54f-5ad0-4e5a-8399-d1e257aa1ec1",1643562012559,927
185041029,"a502b54f-5ad0-4e5a-8399-d1e257aa1ec1",1643562011702,857
185041028,"a502b54f-5ad0-4e5a-8399-d1e257aa1ec1",1643562010912,790
185041027,"a502b54f-5ad0-4e5a-8399-d1e257aa1ec1",1643562009280,835
185041026,"a502b54f-5ad0-4e5a-8399-d1e257aa1ec1",1643562008385,895
185041025,"a502b54f-5ad0-4e5a-8399-d1e257aa1ec1",1643562007508,877
185041024,"a502b54f-5ad0-4e5a-8399-d1e257aa1ec1",1643562006628,880
185041023,"a502b54f-5ad0-4e5a-8399-d1e257aa1ec1",1643562005720,908
185041022,"a502b54f-5ad0-4e5a-8399-d1e257aa1ec1",1643562003647,914
185041021,"a502b54f-5ad0-4e5a-8399-d1e257aa1ec1",1643562002744,903
185041020,"a502b54f-5ad0-4e5a-8399-d1e257aa1ec1",1643562001848,896
185041019,"a502b54f-5ad0-4e5a-8399-d1e257aa1ec1",1643562000965,883
185041018,"a502b54f-5ad0-4e5a-8399-d1e257aa1ec1",1643562000107,857
185041017,"a502b54f-5ad0-4e5a-8399-d1e257aa1ec1",1643561999275,832
185041016,"a502b54f-5ad0-4e5a-8399-d1e257aa1ec1",1643561998453,822
185041015,"a502b54f-5ad0-4e5a-8399-d1e257aa1ec1",1643561997524,929
185041014,"a502b54f-5ad0-4e5a-8399-d1e257aa1ec1",1643561996397,1127
185041013,"a502b54f-5ad0-4e5a-8399-d1e257aa1ec1",1643561995471,922
185041012,"a502b54f-5ad0-4e5a-8399-d1e257aa1ec1",1643561994507,964
185041011,"a502b54f-5ad0-4e5a-8399-d1e257aa1ec1",1643561993451,1056
185041010,"a502b54f-5ad0-4e5a-8399-d1e257aa1ec1",1643561992452,999
185041009,"a502b54f-5ad0-4e5a-8399-d1e257aa1ec1",1643561991459,993
185041008,"a502b54f-5ad0-4e5a-8399-d1e257aa1ec1",1643561990288,1164
185041007,"a502b54f-5ad0-4e5a-8399-d1e257aa1ec1",1643561989242,1046
185041006,"a502b54f-5ad0-4e5a-8399-d1e257aa1ec1",1643561988229,1013
185041005,"a502b54f-5ad0-4e5a-8399-d1e257aa1ec1",1643561987240,989
185041004,"a502b54f-5ad0-4e5a-8399-d1e257aa1ec1",1643561986274,966
185041003,"a502b54f-5ad0-4e5a-8399-d1e257aa1ec1",1643561982975,1025
185041002,"a502b54f-5ad0-4e5a-8399-d1e257aa1ec1",1643561982020,955
185041001,"a502b54f-5ad0-4e5a-8399-d1e257aa1ec1",1643561980454,893
185041000,"a502b54f-5ad0-4e5a-8399-d1e257aa1ec1",1643561979499,955
185040999,"a502b54f-5ad0-4e5a-8399-d1e257aa1ec1",1643561978535,964
185040998,"a502b54f-5ad0-4e5a-8399-d1e257aa1ec1",1643561977628,907
185040997,"a502b54f-5ad0-4e5a-8399-d1e257aa1ec1",1643561976772,856
185040996,"a502b54f-5ad0-4e5a-8399-d1e257aa1ec1",1643561975895,874
185040995,"a502b54f-5ad0-4e5a-8399-d1e257aa1ec1",1643561975041,854
185040994,"a502b54f-5ad0-4e5a-8399-d1e257aa1ec1",1643561974192,849
185040993,"a502b54f-5ad0-4e5a-8399-d1e257aa1ec1",1643561973328,864
185040992,"a502b54f-5ad0-4e5a-8399-d1e257aa1ec1",1643561972457,871
185040991,"a502b54f-5ad0-4e5a-8399-d1e257aa1ec1",1643561970589,864
185040990,"a502b54f-5ad0-4e5a-8399-d1e257aa1ec1",1643561969741,848
185040989,"a502b54f-5ad0-4e5a-8399-d1e257aa1ec1",1643561968898,843
185040988,"a502b54f-5ad0-4e5a-8399-d1e257aa1ec1",1643561968048,850
185040987,"a502b54f-5ad0-4e5a-8399-d1e257aa1ec1",1643561967165,883
185040986,"a502b54f-5ad0-4e5a-8399-d1e257aa1ec1",1643561966188,904
185040985,"a502b54f-5ad0-4e5a-8399-d1e257aa1ec1",1643561965308,880
185040984,"a502b54f-5ad0-4e5a-8399-d1e257aa1ec1",1643561964474,834
185040983,"a502b54f-5ad0-4e5a-8399-d1e257aa1ec1",1643561963704,769
185040982,"a502b54f-5ad0-4e5a-8399-d1e257aa1ec1",1643561962934,770
185040981,"a502b54f-5ad0-4e5a-8399-d1e257aa1ec1",1643561962144,790
185040980,"a502b54f-5ad0-4e5a-8399-d1e257aa1ec1",1643561961288,856
185040979,"a502b54f-5ad0-4e5a-8399-d1e257aa1ec1",1643561960433,855
185040978,"a502b54f-5ad0-4e5a-8399-d1e257aa1ec1",1643561958280,848
185040977,"a502b54f-5ad0-4e5a-8399-d1e257aa1ec1",1643561957392,888
185040976,"a502b54f-5ad0-4e5a-8399-d1e257aa1ec1",1643561956509,881
185040975,"a502b54f-5ad0-4e5a-8399-d1e257aa1ec1",1643561955606,903
185040974,"a502b54f-5ad0-4e5a-8399-d1e257aa1ec1",1643561954728,878
185040973,"a502b54f-5ad0-4e5a-8399-d1e257aa1ec1",1643561953776,952
185040972,"a502b54f-5ad0-4e5a-8399-d1e257aa1ec1",1643561952867,909
185040971,"a502b54f-5ad0-4e5a-8399-d1e257aa1ec1",1643561950968,894
185040970,"a502b54f-5ad0-4e5a-8399-d1e257aa1ec1",1643561950065,903
185040969,"a502b54f-5ad0-4e5a-8399-d1e257aa1ec1",1643561949168,897
185040968,"a502b54f-5ad0-4e5a-8399-d1e257aa1ec1",1643561947539,858
185040967,"a502b54f-5ad0-4e5a-8399-d1e257aa1ec1",1643561946582,957
185040966,"a502b54f-5ad0-4e5a-8399-d1e257aa1ec1",1643561945655,927
185040965,"a502b54f-5ad0-4e5a-8399-d1e257aa1ec1",1643561944744,911
185040964,"a502b54f-5ad0-4e5a-8399-d1e257aa1ec1",1643561942942,890
185040963,"a502b54f-5ad0-4e5a-8399-d1e257aa1ec1",1643561942061,881
185040962,"a502b54f-5ad0-4e5a-8399-d1e257aa1ec1",1643561941188,873
185040961,"a502b54f-5ad0-4e5a-8399-d1e257aa1ec1",1643561940328,860
185040960,"a502b54f-5ad0-4e5a-8399-d1e257aa1ec1",1643561939461,867
185040959,"a502b54f-5ad0-4e5a-8399-d1e257aa1ec1",1643561937570,885
185040958,"a502b54f-5ad0-4e5a-8399-d1e257aa1ec1",1643561936707,863
185040957,"a502b54f-5ad0-4e5a-8399-d1e257aa1ec1",1643561935886,821
185040956,"a502b54f-5ad0-4e5a-8399-d1e257aa1ec1",1643561934318,876
185040955,"a502b54f-5ad0-4e5a-8399-d1e257aa1ec1",1643561933455,863
185040954,"a502b54f-5ad0-4e5a-8399-d1e257aa1ec1",1643561932614,841
185040953,"a502b54f-5ad0-4e5a-8399-d1e257aa1ec1",1643561931804,810
185040952,"a502b54f-5ad0-4e5a-8399-d1e257aa1ec1",1643561930998,806
185040951,"a502b54f-5ad0-4e5a-8399-d1e257aa1ec1",1643561930175,819
185040950,"a502b54f-5ad0-4e5a-8399-d1e257aa1ec1",1643561929355,820
185040949,"a502b54f-5ad0-4e5a-8399-d1e257aa1ec1",1643561928500,855
185040948,"a502b54f-5ad0-4e5a-8399-d1e257aa1ec1",1643561927632,868
185040947,"a502b54f-5ad0-4e5a-8399-d1e257aa1ec1",1643561926739,893
185040946,"a502b54f-5ad0-4e5a-8399-d1e257aa1ec1",1643561924834,899
185040945,"a502b54f-5ad0-4e5a-8399-d1e257aa1ec1",1643561923942,892
185040944,"a502b54f-5ad0-4e5a-8399-d1e257aa1ec1",1643561923039,903
185040943,"a502b54f-5ad0-4e5a-8399-d1e257aa1ec1",1643561921347,847
185040942,"a502b54f-5ad0-4e5a-8399-d1e257aa1ec1",1643561920504,843
185040941,"a502b54f-5ad0-4e5a-8399-d1e257aa1ec1",1643561919683,821
185040940,"a502b54f-5ad0-4e5a-8399-d1e257aa1ec1",1643561918856,827
185040939,"a502b54f-5ad0-4e5a-8399-d1e257aa1ec1",1643561918008,848
185040938,"a502b54f-5ad0-4e5a-8399-d1e257aa1ec1",1643561915488,886
185040937,"a502b54f-5ad0-4e5a-8399-d1e257aa1ec1",1643561914591,897
185040936,"a502b54f-5ad0-4e5a-8399-d1e257aa1ec1",1643561912688,899
185040935,"a502b54f-5ad0-4e5a-8399-d1e257aa1ec1",1643561911800,888
185040934,"a502b54f-5ad0-4e5a-8399-d1e257aa1ec1",1643561910915,885
185040933,"a502b54f-5ad0-4e5a-8399-d1e257aa1ec1",1643561909288,896
185040932,"a502b54f-5ad0-4e5a-8399-d1e257aa1ec1",1643561908432,856
185040931,"a502b54f-5ad0-4e5a-8399-d1e257aa1ec1",1643561907606,826
185040930,"a502b54f-5ad0-4e5a-8399-d1e257aa1ec1",1643561906784,822
185040929,"a502b54f-5ad0-4e5a-8399-d1e257aa1ec1",1643561905953,831
185040928,"a502b54f-5ad0-4e5a-8399-d1e257aa1ec1",1643561905100,848
185040927,"a502b54f-5ad0-4e5a-8399-d1e257aa1ec1",1643561904250,850
185040926,"a502b54f-5ad0-4e5a-8399-d1e257aa1ec1",1643561903394,856
185040925,"a502b54f-5ad0-4e5a-8399-d1e257aa1ec1",1643561902544,850
185040924,"a502b54f-5ad0-4e5a-8399-d1e257aa1ec1",1643561901668,876
185040923,"a502b54f-5ad0-4e5a-8399-d1e257aa1ec1",1643561899786,826
185040922,"a502b54f-5ad0-4e5a-8399-d1e257aa1ec1",1643561898973,812
185040921,"a502b54f-5ad0-4e5a-8399-d1e257aa1ec1",1643561898152,821
185040920,"a502b54f-5ad0-4e5a-8399-d1e257aa1ec1",1643561897303,849
185040919,"a502b54f-5ad0-4e5a-8399-d1e257aa1ec1",1643561896460,843
185040918,"a502b54f-5ad0-4e5a-8399-d1e257aa1ec1",1643561895655,805
185040917,"a502b54f-5ad0-4e5a-8399-d1e257aa1ec1",1643561894849,800
185040916,"a502b54f-5ad0-4e5a-8399-d1e257aa1ec1",1643561894043,806
185040915,"a502b54f-5ad0-4e5a-8399-d1e257aa1ec1",1643561893212,831
185040914,"a502b54f-5ad0-4e5a-8399-d1e257aa1ec1",1643561892368,844
185040913,"a502b54f-5ad0-4e5a-8399-d1e257aa1ec1",1643561891549,819
185040912,"a502b54f-5ad0-4e5a-8399-d1e257aa1ec1",1643561890733,812
185040911,"a502b54f-5ad0-4e5a-8399-d1e257aa1ec1",1643561889925,808
185040910,"a502b54f-5ad0-4e5a-8399-d1e257aa1ec1",1643561889097,828
185040909,"a502b54f-5ad0-4e5a-8399-d1e257aa1ec1",1643561888248,849
185040908,"a502b54f-5ad0-4e5a-8399-d1e257aa1ec1",1643561886537,859
185040907,"a502b54f-5ad0-4e5a-8399-d1e257aa1ec1",1643561885675,862
185040906,"a502b54f-5ad0-4e5a-8399-d1e257aa1ec1",1643561884814,861
185040905,"a502b54f-5ad0-4e5a-8399-d1e257aa1ec1",1643561883948,866
185040904,"a502b54f-5ad0-4e5a-8399-d1e257aa1ec1",1643561883073,875
185040903,"a502b54f-5ad0-4e5a-8399-d1e257aa1ec1",1643561882163,906
185040902,"a502b54f-5ad0-4e5a-8399-d1e257aa1ec1",1643561881256,907
185040901,"a502b54f-5ad0-4e5a-8399-d1e257aa1ec1",1643561880358,898
185040900,"a502b54f-5ad0-4e5a-8399-d1e257aa1ec1",1643561879444,914
185040899,"a502b54f-5ad0-4e5a-8399-d1e257aa1ec1",1643561878523,921
185040898,"a502b54f-5ad0-4e5a-8399-d1e257aa1ec1",1643561877641,880
185040897,"a502b54f-5ad0-4e5a-8399-d1e257aa1ec1",1643561876770,871
185040896,"a502b54f-5ad0-4e5a-8399-d1e257aa1ec1",1643561876085,685
185040895,"a502b54f-5ad0-4e5a-8399-d1e257aa1ec1",1643561875404,681
185040894,"a502b54f-5ad0-4e5a-8399-d1e257aa1ec1",1643561874581,823
185040893,"a502b54f-5ad0-4e5a-8399-d1e257aa1ec1",1643561872721,857
185040892,"a502b54f-5ad0-4e5a-8399-d1e257aa1ec1",1643561871808,913
185040891,"a502b54f-5ad0-4e5a-8399-d1e257aa1ec1",1643561870915,893
185040890,"a502b54f-5ad0-4e5a-8399-d1e257aa1ec1",1643561869492,718
185040889,"a502b54f-5ad0-4e5a-8399-d1e257aa1ec1",1643561868688,804
185040888,"a502b54f-5ad0-4e5a-8399-d1e257aa1ec1",1643561867818,870
185040887,"a502b54f-5ad0-4e5a-8399-d1e257aa1ec1",1643561866936,882
185040886,"a502b54f-5ad0-4e5a-8399-d1e257aa1ec1",1643561866035,901
185040885,"a502b54f-5ad0-4e5a-8399-d1e257aa1ec1",1643561865138,896
185040884,"a502b54f-5ad0-4e5a-8399-d1e257aa1ec1",1643561864241,897
185040883,"a502b54f-5ad0-4e5a-8399-d1e257aa1ec1",1643561863345,896
185040882,"a502b54f-5ad0-4e5a-8399-d1e257aa1ec1",1643561862484,861
185040881,"a502b54f-5ad0-4e5a-8399-d1e257aa1ec1",1643561861745,739
185040880,"a502b54f-5ad0-4e5a-8399-d1e257aa1ec1",1643561860906,838
185040879,"a502b54f-5ad0-4e5a-8399-d1e257aa1ec1",1643561860020,886
185040878,"a502b54f-5ad0-4e5a-8399-d1e257aa1ec1",1643561859129,891
185040877,"a502b54f-5ad0-4e5a-8399-d1e257aa1ec1",1643561858224,905
185040876,"a502b54f-5ad0-4e5a-8399-d1e257aa1ec1",1643561856388,896
185040875,"a502b54f-5ad0-4e5a-8399-d1e257aa1ec1",1643561855480,908
185040874,"a502b54f-5ad0-4e5a-8399-d1e257aa1ec1",1643561854574,906
185040873,"a502b54f-5ad0-4e5a-8399-d1e257aa1ec1",1643561853672,902
185040872,"a502b54f-5ad0-4e5a-8399-d1e257aa1ec1",1643561852780,892
